00000010
00000020
00000030
00000040
00000050
00000060
00000070
00000080
00000090
00000100
00000110
00000120
00000130
00000140
00000150
00000160
00000170
00000180
00000190
00000200
00000210
00000220
00000230
00000240
00000250
00000260
00000270
00000280
00000290
00000300
00000310
00000320
00000330
00000340
00000350
00000360
00000370
00000380
00000390
00000400
00000410
00000420
00000430
00000440
00000450
00000460
00000470
00000480
00000490
00000500
00000510
00000520
00000530
00000540
00000550
00000560
00000570
00000580
00000590
00000600
00000610
00000620
00000630
00000640
00000650
00000660
00000670
00000680
00000690
00000700
00000710
00000720
00000730
00000740
00000750
00000760
00000770
00000780
00000790
00000800
00000810
00000820
00000830
00000840
00000850
00000860
00000870
00000880
00000890
00000900
00000910
00000920
00000930
00000940
00000950
00000960
00000970
00000980
00000990
00001000
00001010
00001020
00001030
00001040
00001050
00001060
00001070
00001080
00001090
00001100
00001110
00001120
00001130
00001140
00001150
00001160
00001170
00001180
00001190
00001200
00001210
00001220
00001230
00001240
00001250
00001260
00001270
00001280
00001290
00001300
00001310
00001320
00001330
00001340
00001350
00001360
00001370
00001380
00001390
00001400
00001410
00001420
00001430
00001440
00001450
00001460
00001470
00001480
00001490
00001500
00001510
00001520
00001530
00001540
00001550
00001560
00001570
00001580
00001590
00001600
00001610
00001620
00001630
00001640
00001650
00001660
00001670
00001680
00001690
00001700
00001710
00001720
00001730
00001740
00001750
00001760
00001770
00001780
00001790
00001800
00001810
00001820
00001830
00001840
00001850
00001860
00001870
00001880
00001890
00001900
00001910
00001920
00001930
00001940
00001950
00001960
00001970
00001980
00001990
00002000
00002010
00002020
00002030
00002040
00002050
00002060
00002070
00002080
00002090
00002100
00002110
00002120
00002130
00002140
00002150
00002160
00002170
00002180
00002190
00002200
00002210
00002220
00002230
00002240
00002250
00002260
00002270
00002280
00002290
00002300
00002310
00002320
00002330
00002340
00002350
00002360
00002370
00002380
00002390
00002400
00002410
00002420
00002430
00002440
00002450
00002460
00002470
00002480
00002490
00002500
00002510
00002520
00002530
00002540
00002550
00002560
00002570
00002580
00002590
00002600
00002610
00002620
00002630
00002640
00002650
00002660
00002670
00002680
00002690
00002700
00002710
00002720
00002730
00002740
00002750
00002760
00002770
00002780
00002790
00002800
00002810
00002820
00002830
00002840
00002850
00002860
00002870
00002880
00002890
00002900
00002910
00002920
00002930
00002940
00002950
00002960
00002970
00002980
00002990
00003000
00003010
00003020
00003030
00003040
00003050
00003060
00003070
00003080
00003090
00003100
00003110
00003120
00003130
00003140
00003150
00003160
00003170
00003180
00003190
00003200
00003210
00003220
00003230
00003240
00003250
00003260
00003270
00003280
00003290
00003300
00003310
00003320
00003330
00003340
00003350
00003360
00003370
00003380
00003390
00003400
00003410
00003420
00003430
00003440
00003450
00003460
00003470
00003480
00003490
00003500
00003510
00003520
00003530
00003540
00003550
00003560
00003570
00003580
00003590
00003600
00003610
00003620
00003630
00003640
00003650
00003660
00003670
00003680
00003690
00003700
00003710
00003720
00003730
00003740
00003750
00003760
00003770
00003780
00003790
00003800
00003810
00003820
00003830
00003840
00003850
00003860
00003870
00003880
00003890
00003900
00003910
00003920
00003930
00003940
00003950
00003960
00003970
00003980
00003990
00004000
00004010
00004020
00004030
00004040
00004050
00004060
00004070
00004080
00004090
00004100
00004110
00004120
00004130
00004140
00004150
00004160
00004170
00004180
00004190
00004200
00004210
00004220
00004230
00004240
00004250
00004260
00004270
00004280
00004290
00004300
00004310
00004320
00004330
00004340
00004350
00004360
00004370
00004380
00004390
00004400
00004410
00004420
00004430
00004440
00004450
00004460
00004470
00004480
00004490
00004500
00004510
00004520
00004530
00004540
00004550
00004560
00004570
00004580
00004590
00004600
00004610
00004620
00004630
00004640
00004650
00004660
00004670
00004680
00004690
00004700
00004710
00004720
00004730
00004740
00004750
00004760
00004770
00004780
00004790
00004800
00004810
00004820
00004830
00004840
00004850
00004860
00004870
00004880
00004890
00004900
00004910
00004920
00004930
00004940
00004950
00004960
00004970
00004980
00004990
00005000
00005010
00005020
00005030
00005040
00005050
00005060
00005070
00005080
00005090
00005100
00005110
00005120
00005130
00005140
00005150
00005160
00005170
00005180
00005190
00005200
00005210
00005220
00005230
00005240
00005250
00005260
00005270
00005280
00005290
00005300
00005310
00005320
00005330
00005340
00005350
00005360
00005370
00005380
00005390
00005400
00005410
00005420
00005430
00005440
00005450
00005460
00005470
00005480
00005490
00005500
00005510
00005520
00005530
00005540
00005550
00005560
00005570
00005580
00005590
00005600
00005610
00005620
00005630
00005640
00005650
00005660
00005670
00005680
00005690
00005700
00005710
00005720
00005730
00005740
00005750
00005760
00005770
00005780
00005790
00005800
00005810
00005820
00005830
00005840
00005850
00005860
00005870
00005880
00005890
00005900
00005910
00005920
00005930
00005940
00005950
00005960
00005970
00005980
00005990
00006000
00006010
00006020
00006030
00006040
00006050
00006060
00006070
00006080
00006090
00006100
00006110
00006120
00006130
00006140
00006150
00006160
00006170
00006180
00006190
00006200
00006210
00006220
00006230
00006240
00006250
00006260
00006270
00006280
00006290
00006300
00006310
00006320
00006330
00006340
00006350
00006360
00006370
00006380
00006390
00006400
00006410
00006420
00006430
00006440
00006450
00006460
00006470
00006480
00006490
00006500
00006510
00006520
00006530
00006540
00006550
00006560
00006570
00006580
00006590
00006600
00006610
00006620
00006630
00006640
00006650
00006660
00006670
00006680
00006690
00006700
00006710
00006720
00006730
00006740
00006750
00006760
00006770
00006780
00006790
00006800
00006810
00006820
00006830
00006840
00006850
00006860
00006870
00006880
00006890
00006900
00006910
00006920
00006930
00006940
00006950
00006960
00006970
00006980
00006990
00007000
00007010
00007020
00007030
00007040
00007050
00007060
00007070
00007080
00007090
00007100
00007110
00007120
00007130
00007140
00007150
00007160
00007170
00007180
00007190
00007200
00007210
00007220
00007230
00007240
00007250
00007260
00007270
00007280
00007290
00007300
00007310
00007320
00007330
00007340
00007350
00007360
00007370
00007380
00007390
00007400
00007410
00007420
00007430
00007440
00007450
00007460
00007470
00007480
00007490
00007500
00007510
00007520
00007530
00007540
00007550
00007560
00007570
00007580
00007590
00007600
00007610
00007620
00007630
00007640
00007650
00007660
00007670
00007680
00007690
00007700
00007710
00007720
00007730
00007740
00007750
00007760
00007770
00007780
00007790
00007800
00007810
00007820
00007830
00007840
00007850
00007860
00007870
00007880
00007890
00007900
00007910
00007920
00007930
00007940
00007950
00007960
00007970
00007980
00007990
00008000
00008010
00008020
00008030
00008040
00008050
00008060
00008070
00008080
00008090
00008100
00008110
00008120
00008130
00008140
00008150
00008160
00008170
00008180
00008190
00008200
00008210
00008220
00008230
00008240
00008250
00008260
00008270
00008280
00008290
00008300
00008310
00008320
00008330
00008340
00008350
00008360
00008370
00008380
00008390
00008400
00008410
00008420
00008430
00008440
00008450
00008460
00008470
00008480
00008490
00008500
00008510
00008520
00008530
00008540
00008550
00008560
00008570
00008580
00008590
00008600
00008610
00008620
00008630
00008640
00008650
00008660
00008670
00008680
00008690
00008700
00008710
00008720
00008730
00008740
00008750
00008760
00008770
00008780
00008790
00008800
00008810
00008820
00008830
00008840
00008850
00008860
00008870
00008880
00008890
00008900
00008910
00008920
00008930
00008940
00008950
00008960
00008970
00008980
00008990
00009000
00009010
00009020
00009030
00009040
00009050
00009060
00009070
00009080
00009090
00009100
00009110
00009120
00009130
00009140
00009150
00009160
00009170
00009180
00009190
00009200
00009210
00009220
00009230
00009240
00009250
00009260
00009270
00009280
00009290
00009300
00009310
00009320
00009330
00009340
00009350
00009360
00009370
00009380
00009390
00009400
00009410
00009420
00009430
00009440
00009450
00009460
00009470
00009480
00009490
00009500
00009510
00009520
00009530
00009540
00009550
00009560
00009570
00009580
00009590
00009600
00009610
00009620
00009630
00009640
00009650
00009660
00009670
00009680
00009690
00009700
00009710
00009720
00009730
00009740
00009750
00009760
00009770
00009780
00009790
00009800
00009810
00009820
00009830
00009840
00009850
00009860
00009870
00009880
00009890
00009900
00009910
00009920
00009930
00009940
00009950
00009960
00009970
00009980
00009990
00010000
00010010
00010020
00010030
00010040
00010050
00010060
00010070
00010080
00010090
00010100
00010110
00010120
00010130
00010140
00010150
00010160
00010170
00010180
00010190
00010200
00010210
00010220
00010230
00010240
00010250
00010260
00010270
00010280
00010290
00010300
00010310
00010320
00010330
00010340
00010350
00010360
00010370
00010380
00010390
00010400
00010410
00010420
00010430
00010440
00010450
00010460
00010470
00010480
00010490
00010500
00010510
00010520
00010530
00010540
00010550
00010560
00010570
00010580
00010590
00010600
00010610
00010620
00010630
00010640
00010650
00010660
00010670
00010680
00010690
00010700
00010710
00010720
00010730
00010740
00010750
00010760
00010770
00010780
00010790
00010800
00010810
00010820
00010830
00010840
00010850
00010860
00010870
00010880
00010890
00010900
00010910
00010920
00010930
00010940
00010950
00010960
00010970
00010980
00010990
00011000
00011010
00011020
00011030
00011040
00011050
00011060
00011070
00011080
00011090
00011100
00011110
00011120
00011130
00011140
00011150
00011160
00011170
00011180
00011190
00011200
00011210
00011220
00011230
00011240
00011250
00011260
00011270
00011280
00011290
00011300
00011310
00011320
00011330
00011340
00011350
00011360
00011370
00011380
00011390
00011400
00011410
00011420
00011430
00011440
00011450
00011460
00011470
00011480
00011490
00011500
00011510
00011520
00011530
00011540
00011550
00011560
00011570
00011580
00011590
00011600
00011610
00011620
00011630
00011640
00011650
00011660
00011670
00011680
00011690
00011700
00011710
00011720
00011730
00011740
00011750
00011760
00011770
00011780
00011790
00011800
00011810
00011820
00011830
00011840
00011850
00011860
00011870
00011880
00011890
00011900
00011910
00011920
00011930
00011940
00011950
00011960
00011970
00011980
00011990
00012000
00012010
00012020
00012030
00012040
00012050
00012060
00012070
00012080
00012090
00012100
00012110
00012120
00012130
00012140
00012150
00012160
00012170
00012180
00012190
00012200
00012210
00012220
00012230
00012240
00012250
00012260
00012270
00012280
00012290
00012300
00012310
00012320
00012330
00012340
00012350
00012360
00012370
00012380
00012390
00012400
00012410
00012420
00012430
00012440
00012450
00012460
00012470
00012480
00012490
00012500
00012510
00012520
00012530
00012540
00012550
00012560
00012570
00012580
00012590
00012600
00012610
00012620
00012630
00012640
00012650
00012660
00012670
00012680
00012690
00012700
00012710
00012720
00012730
00012740
00012750
00012760
00012770
00012780
00012790
00012800
00012810
00012820
00012830
00012840
00012850
00012860
00012870
00012880
00012890
00012900
00012910
00012920
00012930
00012940
00012950
00012960
00012970
00012980
00012990
00013000
00013010
00013020
00013030
00013040
00013050
00013060
00013070
00013080
00013090
00013100
00013110
00013120
00013130
00013140
00013150
00013160
00013170
00013180
00013190
00013200
00013210
00013220
00013230
00013240
00013250
00013260
00013270
00013280
00013290
00013300
00013310
00013320
00013330
00013340
00013350
00013360
00013370
00013380
00013390
00013400
00013410
00013420
00013430
00013440
00013450
00013460
00013470
00013480
00013490
00013500
00013510
00013520
00013530
00013540
00013550
00013560
00013570
00013580
00013590
00013600
00013610
00013620
00013630
00013640
00013650
00013660
00013670
00013680
00013690
00013700
00013710
00013720
00013730
00013740
00013750
00013760
00013770
00013780
00013790
00013800
00013810
00013820
00013830
00013840
00013850
00013860
00013870
00013880
00013890
00013900
00013910
00013920
00013930
00013940
00013950
00013960
00013970
00013980
00013990
00014000
00014010
00014020
00014030
00014040
00014050
00014060
00014070
00014080
00014090
00014100
00014110
00014120
00014130
00014140
00014150
00014160
00014170
00014180
00014190
00014200
00014210
00014220
00014230
00014240
00014250
00014260
00014270
00014280
00014290
00014300
00014310
00014320
00014330
00014340
00014350
00014360
00014370
00014380
00014390
00014400
00014410
00014420
00014430
00014440
00014450
00014460
00014470
00014480
00014490
00014500
00014510
00014520
00014530
00014540
00014550
00014560
00014570
00014580
00014590
00014600
00014610
00014620
00014630
00014640
00014650
00014660
00014670
00014680
00014690
00014700
00014710
00014720
00014730
00014740
00014750
00014760
00014770
00014780
00014790
00014800
00014810
00014820
00014830
00014840
00014850
00014860
00014870
00014880
00014890
00014900
00014910
00014920
00014930
00014940
00014950
00014960
00014970
00014980
00014990
00015000
00015010
00015020
00015030
00015040
00015050
00015060
00015070
00015080
00015090
00015100
00015110
00015120
00015130
00015140
00015150
00015160
00015170
00015180
00015190
00015200
00015210
00015220
00015230
00015240
00015250
00015260
00015270
00015280
00015290
00015300
00015310
00015320
00015330
00015340
00015350
00015360
00015370
00015380
00015390
00015400
00015410
00015420
00015430
00015440
00015450
00015460
00015470
00015480
00015490
00015500
00015510
00015520
00015530
00015540
00015550
00015560
00015570
00015580
00015590
00015600
00015610
00015620
00015630
00015640
00015650
00015660
00015670
00015680
00015690
00015700
00015710
00015720
00015730
00015740
00015750
00015760
00015770
00015780
00015790
00015800
00015810
00015820
00015830
00015840
00015850
00015860
00015870
00015880
00015890
00015900
00015910
00015920
00015930
00015940
00015950
00015960
00015970
00015980
00015990
00016000
00016010
00016020
00016030
00016040
00016050
00016060
00016070
00016080
00016090
00016100
00016110
00016120
00016130
00016140
00016150
00016160
00016170
00016180
00016190
00016200
00016210
00016220
00016230
00016240
00016250
00016260
00016270
00016280
00016290
00016300
00016310
00016320
00016330
00016340
00016350
00016360
00016370
00016380
00016390
00016400
00016410
00016420
00016430
00016440
00016450
00016460
00016470
00016480
00016490
00016500
00016510
00016520
00016530
00016540
00016550
00016560
00016570
00016580
00016590
00016600
00016610
00016620
00016630
00016640
00016650
00016660
00016670
00016680
00016690
00016700
00016710
00016720
00016730
00016740
00016750
00016760
00016770
00016780
00016790
00016800
00016810
00016820
00016830
00016840
00016850
00016860
00016870
00016880
00016890
00016900
00016910
00016920
00016930
00016940
00016950
00016960
00016970
00016980
00016990
00017000
00017010
00017020
00017030
00017040
00017050
00017060
00017070
00017080
00017090
00017100
00017110
00017120
00017130
00017140
00017150
00017160
00017170
00017180
00017190
00017200
00017210
00017220
00017230
00017240
00017250
00017260
00017270
00017280
00017290
00017300
00017310
00017320
00017330
00017340
00017350
00017360
00017370
00017380
00017390
00017400
00017410
00017420
00017430
00017440
00017450
00017460
00017470
00017480
00017490
00017500
00017510
00017520
00017530
00017540
00017550
00017560
00017570
00017580
00017590
00017600
00017610
00017620
00017630
00017640
00017650
00017660
00017670
00017680
00017690
00017700
00017710
00017720
00017730
00017740
00017750
00017760
00017770
00017780
00017790
00017800
00017810
00017820
00017830
00017840
00017850
00017860
00017870
00017880
00017890
00017900
00017910
00017920
00017930
00017940
00017950
00017960
00017970
00017980
00017990
00018000
00018010
00018020
00018030
00018040
00018050
00018060
00018070
00018080
00018090
00018100
00018110
00018120
00018130
00018140
00018150
00018160
00018170
00018180
00018190
00018200
00018210
00018220
00018230
00018240
00018250
00018260
00018270
00018280
00018290
00018300
00018310
00018320
00018330
00018340
00018350
00018360
00018370
00018380
00018390
00018400
00018410
00018420
00018430
00018440
00018450
00018460
00018470
00018480
00018490
00018500
00018510
00018520
00018530
00018540
00018550
00018560
00018570
00018580
00018590
00018600
00018610
00018620
00018630
00018640
00018650
00018660
00018670
00018680
00018690
00018700
00018710
00018720
00018730
00018740
00018750
00018760
00018770
00018780
00018790
00018800
00018810
00018820
00018830
00018840
00018850
00018860
00018870
00018880
00018890
00018900
00018910
00018920
00018930
00018940
00018950
00018960
00018970
00018980
00018990
00019000
00019010
00019020
00019030
00019040
00019050
00019060
00019070
00019080
00019090
00019100
00019110
00019120
00019130
00019140
00019150
00019160
00019170
00019180
00019190
00019200
00019210
00019220
00019230
00019240
00019250
00019260
00019270
00019280
00019290
00019300
00019310
00019320
00019330
00019340
00019350
00019360
00019370
00019380
00019390
00019400
00019410
00019420
00019430
00019440
00019450
00019460
00019470
00019480
00019490
00019500
00019510
00019520
00019530
00019540
00019550
00019560
00019570
00019580
00019590
00019600
00019610
00019620
00019630
00019640
00019650
00019660
00019670
00019680
00019690
00019700
00019710
00019720
00019730
00019740
00019750
00019760
00019770
00019780
00019790
00019800
00019810
00019820
00019830
00019840
00019850
00019860
00019870
00019880
00019890
00019900
00019910
00019920
00019930
00019940
00019950
00019960
00019970
00019980
00019990
00020000
00020010
00020020
00020030
00020040
00020050
00020060
00020070
00020080
00020090
00020100
00020110
00020120
00020130
00020140
00020150
00020160
00020170
00020180
00020190
00020200
00020210
00020220
00020230
00020240
00020250
00020260
00020270
00020280
00020290
00020300
00020310
00020320
00020330
00020340
00020350
00020360
00020370
00020380
00020390
00020400
00020410
00020420
00020430
00020440
00020450
00020460
00020470
00020480
00020490
00020500
00020510
00020520
00020530
00020540
00020550
00020560
00020570
00020580
00020590
00020600
00020610
00020620
00020630
00020640
00020650
00020660
00020670
00020680
00020690
00020700
00020710
00020720
00020730
00020740
00020750
00020760
00020770
00020780
00020790
00020800
00020810
00020820
00020830
00020840
00020850
00020860
00020870
00020880
00020890
00020900
00020910
00020920
00020930
00020940
00020950
00020960
00020970
00020980
00020990
00021000
00021010
00021020
00021030
00021040
00021050
00021060
00021070
00021080
00021090
00021100
00021110
00021120
00021130
00021140
00021150
00021160
00021170
00021180
00021190
00021200
00021210
00021220
00021230
00021240
00021250
00021260
00021270
00021280
00021290
00021300
00021310
00021320
00021330
00021340
00021350
00021360
00021370
00021380
00021390
00021400
00021410
00021420
00021430
00021440
00021450
00021460
00021470
00021480
00021490
00021500
00021510
00021520
00021530
00021540
00021550
00021560
00021570
00021580
00021590
00021600
00021610
00021620
00021630
00021640
00021650
00021660
00021670
00021680
00021690
00021700
00021710
00021720
00021730
00021740
00021750
00021760
00021770
00021780
00021790
00021800
00021810
00021820
00021830
00021840
00021850
00021860
00021870
00021880
00021890
00021900
00021910
00021920
00021930
00021940
00021950
00021960
00021970
00021980
00021990
00022000
00022010
00022020
00022030
00022040
00022050
00022060
00022070
00022080
00022090
00022100
00022110
00022120
00022130
00022140
00022150
00022160
00022170
00022180
00022190
00022200
00022210
00022220
00022230
00022240
00022250
00022260
00022270
00022280
00022290
00022300
00022310
00022320
00022330
00022340
00022350
00022360
00022370
00022380
00022390
00022400
00022410
00022420
00022430
00022440
00022450
00022460
00022470
00022480
00022490
00022500
00022510
00022520
00022530
00022540
00022550
00022560
00022570
00022580
00022590
00022600
00022610
00022620
00022630
00022640
00022650
00022660
00022670
00022680
00022690
00022700
00022710
00022720
00022730
00022740
00022750
00022760
00022770
00022780
00022790
00022800
00022810
00022820
00022830
00022840
00022850
00022860
00022870
00022880
00022890
00022900
00022910
00022920
00022930
00022940
00022950
00022960
00022970
00022980
00022990
00023000
00023010
00023020
00023030
00023040
00023050
00023060
00023070
00023080
00023090
00023100
00023110
00023120
00023130
00023140
00023150
00023160
00023170
00023180
00023190
00023200
00023210
00023220
00023230
00023240
00023250
00023260
00023270
00023280
00023290
00023300
00023310
00023320
00023330
00023340
00023350
00023360
00023370
00023380
00023390
00023400
00023410
00023420
00023430
00023440
00023450
00023460
00023470
00023480
00023490
00023500
00023510
00023520
00023530
00023540
00023550
00023560
00023570
00023580
00023590
00023600
00023610
00023620
00023630
00023640
00023650
00023660
00023670
00023680
00023690
00023700
00023710
00023720
00023730
00023740
00023750
00023760
00023770
00023780
00023790
00023800
00023810
00023820
00023830
00023840
00023850
00023860
00023870
00023880
00023890
00023900
00023910
00023920
00023930
00023940
00023950
00023960
00023970
00023980
00023990
00024000
00024010
00024020
00024030
00024040
00024050
00024060
00024070
00024080
00024090
00024100
00024110
00024120
00024130
00024140
00024150
00024160
00024170
00024180
00024190
00024200
00024210
00024220
00024230
00024240
00024250
00024260
00024270
00024280
00024290
00024300
00024310
00024320
00024330
00024340
00024350
00024360
00024370
00024380
00024390
00024400
00024410
00024420
00024430
00024440
00024450
00024460
00024470
00024480
00024490
00024500
00024510
00024520
00024530
00024540
00024550
00024560
00024570
00024580
00024590
00024600
00024610
00024620
00024630
00024640
00024650
00024660
00024670
00024680
00024690
00024700
00024710
00024720
00024730
00024740
00024750
00024760
00024770
00024780
00024790
00024800
00024810
00024820
00024830
00024840
00024850
00024860
00024870
00024880
00024890
00024900
00024910
00024920
00024930
00024940
00024950
00024960
00024970
00024980
00024990
00025000
00025010
00025020
00025030
00025040
00025050
00025060
00025070
00025080
00025090
00025100
00025110
00025120
00025130
00025140
00025150
00025160
00025170
00025180
00025190
00025200
00025210
00025220
00025230
00025240
00025250
00025260
00025270
00025280
00025290
00025300
00025310
00025320
00025330
00025340
00025350
00025360
00025370
00025380
00025390
00025400
00025410
00025420
00025430
00025440
00025450
00025460
00025470
00025480
00025490
00025500
00025510
00025520
00025530
00025540
00025550
00025560
00025570
00025580
00025590
00025600
00025610
00025620
00025630
00025640
00025650
00025660
00025670
00025680
00025690
00025700
00025710
00025720
00025730
00025740
00025750
00025760
00025770
00025780
00025790
00025800
00025810
00025820
00025830
00025840
00025850
00025860
00025870
00025880
00025890
00025900
00025910
00025920
00025930
00025940
00025950
00025960
00025970
00025980
00025990
00026000
00026010
00026020
00026030
00026040
00026050
00026060
00026070
00026080
00026090
00026100
00026110
00026120
00026130
00026140
00026150
00026160
00026170
00026180
00026190
00026200
00026210
00026220
00026230
00026240
00026250
00026260
00026270
00026280
00026290
00026300
00026310
00026320
00026330
00026340
00026350
00026360
00026370
00026380
00026390
00026400
00026410
00026420
00026430
00026440
00026450
00026460
00026470
00026480
00026490
00026500
00026510
00026520
00026530
00026540
00026550
00026560
00026570
00026580
00026590
00026600
00026610
00026620
00026630
00026640
00026650
00026660
00026670
00026680
00026690
00026700
00026710
00026720
00026730
00026740
00026750
00026760
00026770
00026780
00026790
00026800
00026810
00026820
00026830
00026840
00026850
00026860
00026870
00026880
00026890
00026900
00026910
00026920
00026930
00026940
00026950
00026960
00026970
00026980
00026990
00027000
00027010
00027020
00027030
00027040
00027050
00027060
00027070
00027080
00027090
00027100
00027110
00027120
00027130
00027140
00027150
00027160
00027170
00027180
00027190
00027200
00027210
00027220
00027230
00027240
00027250
00027260
00027270
00027280
00027290
00027300
00027310
00027320
00027330
00027340
00027350
00027360
00027370
00027380
00027390
00027400
00027410
00027420
00027430
00027440
00027450
00027460
00027470
00027480
00027490
00027500
00027510
00027520
00027530
00027540
00027550
00027560
00027570
00027580
00027590
00027600
00027610
00027620
00027630
00027640
00027650
00027660
00027670
00027680
00027690
00027700
00027710
00027720
00027730
00027740
00027750
00027760
00027770
00027780
00027790
00027800
00027810
00027820
00027830
00027840
00027850
00027860
00027870
00027880
00027890
00027900
00027910
00027920
00027930
00027940
00027950
00027960
00027970
00027980
00027990
00028000
00028010
00028020
00028030
00028040
00028050
00028060
00028070
00028080
00028090
00028100
00028110
00028120
00028130
00028140
00028150
00028160
00028170
00028180
00028190
00028200
00028210
00028220
00028230
00028240
00028250
00028260
00028270
00028280
00028290
00028300
00028310
00028320
00028330
00028340
00028350
00028360
00028370
00028380
00028390
00028400
00028410
00028420
00028430
00028440
00028450
00028460
00028470
00028480
00028490
00028500
00028510
00028520
00028530
00028540
00028550
00028560
00028570
00028580
00028590
00028600
00028610
00028620
00028630
00028640
00028650
00028660
00028670
00028680
00028690
00028700
00028710
00028720
00028730
00028740
00028750
00028760
00028770
00028780
00028790
00028800
00028810
00028820
00028830
00028840
00028850
00028860
00028870
00028880
00028890
00028900
00028910
00028920
00028930
00028940
00028950
00028960
00028970
00028980
00028990
00029000
00029010
00029020
00029030
00029040
00029050
00029060
00029070
00029080
00029090
00029100
00029110
00029120
00029130
00029140
00029150
00029160
00029170
00029180
00029190
00029200
00029210
00029220
00029230
00029240
00029250
00029260
00029270
00029280
00029290
00029300
00029310
00029320
00029330
00029340
00029350
00029360
00029370
00029380
00029390
00029400
00029410
00029420
00029430
00029440
00029450
00029460
00029470
00029480
00029490
00029500
00029510
00029520
00029530
00029540
00029550
00029560
00029570
00029580
00029590
00029600
00029610
00029620
00029630
00029640
00029650
00029660
00029670
00029680
00029690
00029700
00029710
00029720
00029730
00029740
00029750
00029760
00029770
00029780
00029790
00029800
00029810
00029820
00029830
00029840
00029850
00029860
00029870
00029880
00029890
00029900
00029910
00029920
00029930
00029940
00029950
00029960
00029970
00029980
00029990
00030000
00030010
00030020
00030030
00030040
00030050
00030060
00030070
00030080
00030090
00030100
00030110
00030120
00030130
00030140
00030150
00030160
00030170
00030180
00030190
00030200
00030210
00030220
00030230
00030240
00030250
00030260
00030270
00030280
00030290
00030300
00030310
00030320
00030330
00030340
00030350
00030360
00030370
00030380
00030390
00030400
00030410
00030420
00030430
00030440
00030450
00030460
00030470
00030480
00030490
00030500
00030510
00030520
00030530
00030540
00030550
00030560
00030570
00030580
00030590
00030600
00030610
00030620
00030630
00030640
00030650
00030660
00030670
00030680
00030690
00030700
00030710
00030720
00030730
00030740
00030750
00030760
00030770
00030780
00030790
00030800
00030810
00030820
00030830
00030840
00030850
00030860
00030870
00030880
00030890
00030900
00030910
00030920
00030930
00030940
00030950
00030960
00030970
00030980
00030990
00031000
00031010
00031020
00031030
00031040
00031050
00031060
00031070
00031080
00031090
00031100
00031110
00031120
00031130
00031140
00031150
00031160
00031170
00031180
00031190
00031200
00031210
00031220
00031230
00031240
00031250
00031260
00031270
00031280
00031290
00031300
00031310
00031320
00031330
00031340
00031350
00031360
00031370
00031380
00031390
00031400
00031410
00031420
00031430
00031440
00031450
00031460
00031470
00031480
00031490
00031500
00031510
00031520
00031530
00031540
00031550
00031560
00031570
00031580
00031590
00031600
00031610
00031620
00031630
00031640
00031650
00031660
00031670
00031680
00031690
00031700
00031710
00031720
00031730
00031740
00031750
00031760
00031770
00031780
00031790
00031800
00031810
00031820
00031830
00031840
00031850
00031860
00031870
00031880
00031890
00031900
00031910
00031920
00031930
00031940
00031950
00031960
00031970
00031980
00031990
00032000
00032010
00032020
00032030
00032040
00032050
00032060
00032070
00032080
00032090
00032100
00032110
00032120
00032130
00032140
00032150
00032160
00032170
00032180
00032190
00032200
00032210
00032220
00032230
00032240
00032250
00032260
00032270
00032280
00032290
00032300
00032310
00032320
00032330
00032340
00032350
00032360
00032370
00032380
00032390
00032400
00032410
00032420
00032430
00032440
00032450
00032460
00032470
00032480
00032490
00032500
00032510
00032520
00032530
00032540
00032550
00032560
00032570
00032580
00032590
00032600
00032610
00032620
00032630
00032640
00032650
00032660
00032670
00032680
00032690
00032700
00032710
00032720
00032730
00032740
00032750
00032760
00032770
00032780
00032790
00032800
00032810
00032820
00032830
00032840
00032850
00032860
00032870
00032880
00032890
00032900
00032910
00032920
00032930
00032940
00032950
00032960
00032970
00032980
00032990
00033000
00033010
00033020
00033030
00033040
00033050
00033060
00033070
00033080
00033090
00033100
00033110
00033120
00033130
00033140
00033150
00033160
00033170
00033180
00033190
00033200
00033210
00033220
00033230
00033240
00033250
00033260
00033270
00033280
00033290
00033300
00033310
00033320
00033330
00033340
00033350
00033360
00033370
00033380
00033390
00033400
00033410
00033420
00033430
00033440
00033450
00033460
00033470
00033480
00033490
00033500
00033510
00033520
00033530
00033540
00033550
00033560
00033570
00033580
00033590
00033600
00033610
00033620
00033630
00033640
00033650
00033660
00033670
00033680
00033690
00033700
00033710
00033720
00033730
00033740
00033750
00033760
00033770
00033780
00033790
00033800
00033810
00033820
00033830
00033840
00033850
00033860
00033870
00033880
00033890
00033900
00033910
00033920
00033930
00033940
00033950
00033960
00033970
00033980
00033990
00034000
00034010
00034020
00034030
00034040
00034050
00034060
00034070
00034080
00034090
00034100
00034110
00034120
00034130
00034140
00034150
00034160
00034170
00034180
00034190
00034200
00034210
00034220
00034230
00034240
00034250
00034260
00034270
00034280
00034290
00034300
00034310
00034320
00034330
00034340
00034350
00034360
00034370
00034380
00034390
00034400
00034410
00034420
00034430
00034440
00034450
00034460
00034470
00034480
00034490
00034500
00034510
00034520
00034530
00034540
00034550
00034560
00034570
00034580
00034590
00034600
00034610
00034620
00034630
00034640
00034650
00034660
00034670
00034680
00034690
00034700
00034710
00034720
00034730
00034740
00034750
00034760
00034770
00034780
00034790
00034800
00034810
00034820
00034830
00034840
00034850
00034860
00034870
00034880
00034890
00034900
00034910
00034920
00034930
00034940
00034950
00034960
00034970
00034980
00034990
00035000
00035010
00035020
00035030
00035040
00035050
00035060
00035070
00035080
00035090
00035100
00035110
00035120
00035130
00035140
00035150
00035160
00035170
00035180
00035190
00035200
00035210
00035220
00035230
00035240
00035250
00035260
00035270
00035280
00035290
00035300
00035310
00035320
00035330
00035340
00035350
00035360
00035370
00035380
00035390
00035400
00035410
00035420
00035430
00035440
00035450
00035460
00035470
00035480
00035490
00035500
00035510
00035520
00035530
00035540
00035550
00035560
00035570
00035580
00035590
00035600
00035610
00035620
00035630
00035640
00035650
00035660
00035670
00035680
00035690
00035700
00035710
00035720
00035730
00035740
00035750
00035760
00035770
00035780
00035790
00035800
00035810
00035820
00035830
00035840
00035850
00035860
00035870
00035880
00035890
00035900
00035910
00035920
00035930
00035940
00035950
00035960
00035970
00035980
00035990
00036000
00036010
00036020
00036030
00036040
00036050
00036060
00036070
00036080
00036090
00036100
00036110
00036120
00036130
00036140
00036150
00036160
00036170
00036180
00036190
00036200
00036210
00036220
00036230
00036240
00036250
00036260
00036270
00036280
00036290
00036300
00036310
00036320
00036330
00036340
00036350
00036360
00036370
00036380
00036390
00036400
00036410
00036420
00036430
00036440
00036450
00036460
00036470
00036480
00036490
00036500
00036510
00036520
00036530
00036540
00036550
00036560
00036570
00036580
00036590
00036600
00036610
00036620
00036630
00036640
00036650
00036660
00036670
00036680
00036690
00036700
00036710
00036720
00036730
00036740
00036750
00036760
00036770
00036780
00036790
00036800
00036810
00036820
00036830
00036840
00036850
00036860
00036870
00036880
00036890
00036900
00036910
00036920
00036930
00036940
00036950
00036960
00036970
00036980
00036990
00037000
00037010
00037020
00037030
00037040
00037050
00037060
00037070
00037080
00037090
00037100
00037110
00037120
00037130
00037140
00037150
00037160
00037170
00037180
00037190
00037200
00037210
00037220
00037230
00037240
00037250
00037260
00037270
00037280
00037290
00037300
00037310
00037320
00037330
00037340
00037350
00037360
00037370
00037380
00037390
00037400
00037410
00037420
00037430
00037440
00037450
00037460
00037470
00037480
00037490
00037500
00037510
00037520
00037530
00037540
00037550
00037560
00037570
00037580
00037590
00037600
00037610
00037620
00037630
00037640
00037650
00037660
00037670
00037680
00037690
00037700
00037710
00037720
00037730
00037740
00037750
00037760
00037770
00037780
00037790
00037800
00037810
00037820
00037830
00037840
00037850
00037860
00037870
00037880
00037890
00037900
00037910
00037920
00037930
00037940
00037950
00037960
00037970
00037980
00037990
00038000
00038010
00038020
00038030
00038040
00038050
00038060
00038070
00038080
00038090
00038100
00038110
00038120
00038130
00038140
00038150
00038160
00038170
00038180
00038190
00038200
00038210
00038220
00038230
00038240
00038250
00038260
00038270
00038280
00038290
00038300
00038310
00038320
00038330
00038340
00038350
00038360
00038370
00038380
00038390
00038400
00038410
00038420
00038430
00038440
00038450
00038460
00038470
00038480
00038490
00038500
00038510
00038520
00038530
00038540
00038550
00038560
00038570
00038580
00038590
00038600
00038610
00038620
00038630
00038640
00038650
00038660
00038670
00038680
00038690
00038700
00038710
00038720
00038730
00038740
00038750
00038760
00038770
00038780
00038790
00038800
00038810
00038820
00038830
00038840
00038850
00038860
00038870
00038880
00038890
00038900
00038910
00038920
00038930
00038940
00038950
00038960
00038970
00038980
00038990
00039000
00039010
00039020
00039030
00039040
00039050
00039060
00039070
00039080
00039090
00039100
00039110
00039120
00039130
00039140
00039150
00039160
00039170
00039180
00039190
00039200
00039210
00039220
00039230
00039240
00039250
00039260
00039270
00039280
00039290
00039300
00039310
00039320
00039330
00039340
00039350
00039360
00039370
00039380
00039390
00039400
00039410
00039420
00039430
00039440
00039450
00039460
00039470
00039480
00039490
00039500
00039510
00039520
00039530
00039540
00039550
00039560
00039570
00039580
00039590
00039600
00039610
00039620
00039630
00039640
00039650
00039660
00039670
00039680
00039690
00039700
00039710
00039720
00039730
00039740
00039750
00039760
00039770
00039780
00039790
00039800
00039810
00039820
00039830
00039840
00039850
00039860
00039870
00039880
00039890
00039900
00039910
00039920
00039930
00039940
00039950
00039960
00039970
00039980
00039990
00040000
00040010
00040020
00040030
00040040
00040050
00040060
00040070
00040080
00040090
00040100
00040110
00040120
00040130
00040140
00040150
00040160
00040170
00040180
00040190
00040200
00040210
00040220
00040230
00040240
00040250
00040260
00040270
00040280
00040290
00040300
00040310
00040320
00040330
00040340
00040350
00040360
00040370
00040380
00040390
00040400
00040410
00040420
00040430
00040440
00040450
00040460
00040470
00040480
00040490
00040500
00040510
00040520
00040530
00040540
00040550
00040560
00040570
00040580
00040590
00040600
00040610
00040620
00040630
00040640
00040650
00040660
00040670
00040680
00040690
00040700
00040710
00040720
00040730
00040740
00040750
00040760
00040770
00040780
00040790
00040800
00040810
00040820
00040830
00040840
00040850
00040860
00040870
00040880
00040890
00040900
00040910
00040920
00040930
00040940
00040950
00040960
00040970
00040980
00040990
00041000
00041010
00041020
00041030
00041040
00041050
00041060
00041070
00041080
00041090
00041100
00041110
00041120
00041130
00041140
00041150
00041160
00041170
00041180
00041190
00041200
00041210
00041220
00041230
00041240
00041250
00041260
00041270
00041280
00041290
00041300
00041310
00041320
00041330
00041340
00041350
00041360
00041370
00041380
00041390
00041400
00041410
00041420
00041430
00041440
00041450
00041460
00041470
00041480
00041490
00041500
00041510
00041520
00041530
00041540
00041550
00041560
00041570
00041580
00041590
00041600
00041610
00041620
00041630
00041640
00041650
00041660
00041670
00041680
00041690
00041700
00041710
00041720
00041730
00041740
00041750
00041760
00041770
00041780
00041790
00041800
00041810
00041820
00041830
00041840
00041850
00041860
00041870
00041880
00041890
00041900
00041910
00041920
00041930
00041940
00041950
00041960
00041970
00041980
00041990
00042000
00042010
00042020
00042030
00042040
00042050
00042060
00042070
00042080
00042090
00042100
00042110
00042120
00042130
00042140
00042150
00042160
00042170
00042180
00042190
00042200
00042210
00042220
00042230
00042240
00042250
00042260
00042270
00042280
00042290
00042300
00042310
00042320
00042330
00042340
00042350
00042360
00042370
00042380
00042390
00042400
00042410
00042420
00042430
00042440
00042450
00042460
00042470
00042480
00042490
00042500
00042510
00042520
00042530
00042540
00042550
00042560
00042570
00042580
00042590
00042600
00042610
00042620
00042630
00042640
00042650
00042660
00042670
00042680
00042690
00042700
00042710
00042720
00042730
00042740
00042750
00042760
00042770
00042780
00042790
00042800
00042810
00042820
00042830
00042840
00042850
00042860
00042870
00042880
00042890
00042900
00042910
00042920
00042930
00042940
00042950
00042960
00042970
00042980
00042990
00043000
00043010
00043020
00043030
00043040
00043050
00043060
00043070
00043080
00043090
00043100
00043110
00043120
00043130
00043140
00043150
00043160
00043170
00043180
00043190
00043200
00043210
00043220
00043230
00043240
00043250
00043260
00043270
00043280
00043290
00043300
00043310
00043320
00043330
00043340
00043350
00043360
00043370
00043380
00043390
00043400
00043410
00043420
00043430
00043440
00043450
00043460
00043470
00043480
00043490
00043500
00043510
00043520
00043530
00043540
00043550
00043560
00043570
00043580
00043590
00043600
00043610
00043620
00043630
00043640
00043650
00043660
00043670
00043680
00043690
00043700
00043710
00043720
00043730
00043740
00043750
00043760
00043770
00043780
00043790
00043800
00043810
00043820
00043830
00043840
00043850
00043860
00043870
00043880
00043890
00043900
00043910
00043920
00043930
00043940
00043950
00043960
00043970
00043980
00043990
00044000
00044010
00044020
00044030
00044040
00044050
00044060
00044070
00044080
00044090
00044100
00044110
00044120
00044130
00044140
00044150
00044160
00044170
00044180
00044190
00044200
00044210
00044220
00044230
00044240
00044250
00044260
00044270
00044280
00044290
00044300
00044310
00044320
00044330
00044340
00044350
00044360
00044370
00044380
00044390
00044400
00044410
00044420
00044430
00044440
00044450
00044460
00044470
00044480
00044490
00044500
00044510
00044520
00044530
00044540
00044550
00044560
00044570
00044580
00044590
00044600
00044610
00044620
00044630
00044640
00044650
00044660
00044670
00044680
00044690
00044700
00044710
00044720
00044730
00044740
00044750
00044760
00044770
00044780
00044790
00044800
00044810
00044820
00044830
00044840
00044850
00044860
00044870
00044880
00044890
00044900
00044910
00044920
00044930
00044940
00044950
00044960
00044970
00044980
00044990
00045000
00045010
00045020
00045030
00045040
00045050
00045060
00045070
00045080
00045090
00045100
00045110
00045120
00045130
00045140
00045150
00045160
00045170
00045180
00045190
00045200
00045210
00045220
00045230
00045240
00045250
00045260
00045270
00045280
00045290
00045300
00045310
00045320
00045330
00045340
00045350
00045360
00045370
00045380
00045390
00045400
00045410
00045420
00045430
00045440
00045450
00045460
00045470
00045480
00045490
00045500
00045510
00045520
00045530
00045540
00045550
00045560
00045570
00045580
00045590
00045600
00045610
00045620
00045630
00045640
00045650
00045660
00045670
00045680
00045690
00045700
00045710
00045720
00045730
00045740
00045750
00045760
00045770
00045780
00045790
00045800
00045810
00045820
00045830
00045840
00045850
00045860
00045870
00045880
00045890
00045900
00045910
00045920
00045930
00045940
00045950
00045960
00045970
00045980
00045990
00046000
00046010
00046020
00046030
00046040
00046050
00046060
00046070
00046080
00046090
00046100
00046110
00046120
00046130
00046140
00046150
00046160
00046170
00046180
00046190
00046200
00046210
00046220
00046230
00046240
00046250
00046260
00046270
00046280
00046290
00046300
00046310
00046320
00046330
00046340
00046350
00046360
00046370
00046380
00046390
00046400
00046410
00046420
00046430
00046440
00046450
00046460
00046470
00046480
00046490
00046500
00046510
00046520
00046530
00046540
00046550
00046560
00046570
00046580
00046590
00046600
00046610
00046620
00046630
00046640
00046650
00046660
00046670
00046680
00046690
00046700
00046710
00046720
00046730
00046740
00046750
00046760
00046770
00046780
00046790
00046800
00046810
00046820
00046830
00046840
00046850
00046860
00046870
00046880
00046890
00046900
00046910
00046920
00046930
00046940
00046950
00046960
00046970
00046980
00046990
00047000
00047010
00047020
00047030
00047040
00047050
00047060
00047070
00047080
00047090
00047100
00047110
00047120
00047130
00047140
00047150
00047160
00047170
00047180
00047190
00047200
00047210
00047220
00047230
00047240
00047250
00047260
00047270
00047280
00047290
00047300
00047310
00047320
00047330
00047340
00047350
00047360
00047370
00047380
00047390
00047400
00047410
00047420
00047430
00047440
00047450
00047460
00047470
00047480
00047490
00047500
00047510
00047520
00047530
00047540
00047550
00047560
00047570
00047580
00047590
00047600
00047610
00047620
00047630
00047640
00047650
00047660
00047670
00047680
00047690
00047700
00047710
00047720
00047730
00047740
00047750
00047760
00047770
00047780
00047790
00047800
00047810
00047820
00047830
00047840
00047850
00047860
00047870
00047880
00047890
00047900
00047910
00047920
00047930
00047940
00047950
00047960
00047970
00047980
00047990
00048000
00048010
00048020
00048030
00048040
00048050
00048060
00048070
00048080
00048090
00048100
00048110
00048120
00048130
00048140
00048150
00048160
00048170
00048180
00048190
00048200
00048210
00048220
00048230
00048240
00048250
00048260
00048270
00048280
00048290
00048300
00048310
00048320
00048330
00048340
00048350
00048360
00048370
00048380
00048390
00048400
00048410
00048420
00048430
00048440
00048450
00048460
00048470
00048480
00048490
00048500
00048510
00048520
00048530
00048540
00048550
00048560
00048570
00048580
00048590
00048600
00048610
00048620
00048630
00048640
00048650
00048660
00048670
00048680
00048690
00048700
00048710
00048720
00048730
00048740
00048750
00048760
00048770
00048780
00048790
00048800
00048810
00048820
00048830
00048840
00048850
00048860
00048870
00048880
00048890
00048900
00048910
00048920
00048930
00048940
00048950
00048960
00048970
00048980
00048990
00049000
00049010
00049020
00049030
00049040
00049050
00049060
00049070
00049080
00049090
00049100
00049110
00049120
00049130
00049140
00049150
00049160
00049170
00049180
00049190
00049200
00049210
00049220
00049230
00049240
00049250
00049260
00049270
00049280
00049290
00049300
00049310
00049320
00049330
00049340
00049350
00049360
00049370
00049380
00049390
00049400
00049410
00049420
00049430
00049440
00049450
00049460
00049470
00049480
00049490
00049500
00049510
00049520
00049530
00049540
00049550
00049560
00049570
00049580
00049590
00049600
00049610
00049620
00049630
00049640
00049650
00049660
00049670
00049680
00049690
00049700
00049710
00049720
00049730
00049740
00049750
00049760
00049770
00049780
00049790
00049800
00049810
00049820
00049830
00049840
00049850
00049860
00049870
00049880
00049890
00049900
00049910
00049920
00049930
00049940
00049950
00049960
00049970
00049980
00049990
00050000
00050010
00050020
00050030
00050040
00050050
00050060
00050070
00050080
00050090
00050100
00050110
00050120
00050130
00050140
00050150
00050160
00050170
00050180
00050190
00050200
00050210
00050220
00050230
00050240
00050250
00050260
00050270
00050280
00050290
00050300
00050310
00050320
00050330
00050340
00050350
00050360
00050370
00050380
00050390
00050400
00050410
00050420
00050430
00050440
00050450
00050460
00050470
00050480
00050490
00050500
00050510
00050520
00050530
00050540
00050550
00050560
00050570
00050580
00050590
00050600
00050610
00050620
00050630
00050640
00050650
00050660
00050670
00050680
00050690
00050700
00050710
00050720
00050730
00050740
00050750
00050760
00050770
00050780
00050790
00050800
00050810
00050820
00050830
00050840
00050850
00050860
00050870
00050880
00050890
00050900
00050910
00050920
00050930
00050940
00050950
00050960
00050970
00050980
00050990
00051000
00051010
00051020
00051030
00051040
00051050
00051060
00051070
00051080
00051090
00051100
00051110
00051120
00051130
00051140
00051150
00051160
00051170
00051180
00051190
00051200
00051210
00051220
00051230
00051240
00051250
00051260
00051270
00051280
00051290
00051300
00051310
00051320
00051330
00051340
00051350
00051360
00051370
00051380
00051390
00051400
00051410
00051420
00051430
00051440
00051450
00051460
00051470
00051480
00051490
00051500
00051510
00051520
00051530
00051540
00051550
00051560
00051570
00051580
00051590
00051600
00051610
00051620
00051630
00051640
00051650
00051660
00051670
00051680
00051690
00051700
00051710
00051720
00051730
00051740
00051750
00051760
00051770
00051780
00051790
00051800
00051810
00051820
00051830
00051840
00051850
00051860
00051870
00051880
00051890
00051900
00051910
00051920
00051930
00051940
00051950
00051960
00051970
00051980
00051990
00052000
00052010
00052020
00052030
00052040
00052050
00052060
00052070
00052080
00052090
00052100
00052110
00052120
00052130
00052140
00052150
00052160
00052170
00052180
00052190
00052200
00052210
00052220
00052230
00052240
00052250
00052260
00052270
00052280
00052290
00052300
00052310
00052320
00052330
00052340
00052350
00052360
00052370
00052380
00052390
00052400
00052410
00052420
00052430
00052440
00052450
00052460
00052470
00052480
00052490
00052500
00052510
00052520
00052530
00052540
00052550
00052560
00052570
00052580
00052590
00052600
00052610
00052620
00052630
00052640
00052650
00052660
00052670
00052680
00052690
00052700
00052710
00052720
00052730
00052740
00052750
00052760
00052770
00052780
00052790
00052800
00052810
00052820
00052830
00052840
00052850
00052860
00052870
00052880
00052890
00052900
00052910
00052920
00052930
00052940
00052950
00052960
00052970
00052980
00052990
00053000
00053010
00053020
00053030
00053040
00053050
00053060
00053070
00053080
00053090
00053100
00053110
00053120
00053130
00053140
00053150
00053160
00053170
00053180
00053190
00053200
00053210
00053220
00053230
00053240
00053250
00053260
00053270
00053280
00053290
00053300
00053310
00053320
00053330
00053340
00053350
00053360
00053370
00053380
00053390
00053400
00053410
00053420
00053430
00053440
00053450
00053460
00053470
00053480
00053490
00053500
00053510
00053520
00053530
00053540
00053550
00053560
00053570
00053580
00053590
00053600
00053610
00053620
00053630
00053640
00053650
00053660
00053670
00053680
00053690
00053700
00053710
00053720
00053730
00053740
00053750
00053760
00053770
00053780
00053790
00053800
00053810
00053820
00053830
00053840
00053850
00053860
00053870
00053880
00053890
00053900
00053910
00053920
00053930
00053940
00053950
00053960
00053970
00053980
00053990
00054000
00054010
00054020
00054030
00054040
00054050
00054060
00054070
00054080
00054090
00054100
00054110
00054120
00054130
00054140
00054150
00054160
00054170
00054180
00054190
00054200
00054210
00054220
00054230
00054240
00054250
00054260
00054270
00054280
00054290
00054300
00054310
00054320
00054330
00054340
00054350
00054360
00054370
00054380
00054390
00054400
00054410
00054420
00054430
00054440
00054450
00054460
00054470
00054480
00054490
00054500
00054510
00054520
00054530
00054540
00054550
00054560
00054570
00054580
00054590
00054600
00054610
00054620
00054630
00054640
00054650
00054660
00054670
00054680
00054690
00054700
00054710
00054720
00054730
00054740
00054750
00054760
00054770
00054780
00054790
00054800
00054810
00054820
00054830
00054840
00054850
00054860
00054870
00054880
00054890
00054900
00054910
00054920
00054930
00054940
00054950
00054960
00054970
00054980
00054990
00055000
00055010
00055020
00055030
00055040
00055050
00055060
00055070
00055080
00055090
00055100
00055110
00055120
00055130
00055140
00055150
00055160
00055170
00055180
00055190
00055200
00055210
00055220
00055230
00055240
00055250
00055260
00055270
00055280
00055290
00055300
00055310
00055320
00055330
00055340
00055350
00055360
00055370
00055380
00055390
00055400
00055410
00055420
00055430
00055440
00055450
00055460
00055470
00055480
00055490
00055500
00055510
00055520
00055530
00055540
00055550
00055560
00055570
00055580
00055590
00055600
00055610
00055620
00055630
00055640
00055650
00055660
00055670
00055680
00055690
00055700
00055710
00055720
00055730
00055740
00055750
00055760
00055770
00055780
00055790
00055800
00055810
00055820
00055830
00055840
00055850
00055860
00055870
00055880
00055890
00055900
00055910
00055920
00055930
00055940
00055950
00055960
00055970
00055980
00055990
00056000
00056010
00056020
00056030
00056040
00056050
00056060
00056070
00056080
00056090
00056100
00056110
00056120
00056130
00056140
00056150
00056160
00056170
00056180
00056190
00056200
00056210
00056220
00056230
00056240
00056250
00056260
00056270
00056280
00056290
00056300
00056310
00056320
00056330
00056340
00056350
00056360
00056370
00056380
00056390
00056400
00056410
00056420
00056430
00056440
00056450
00056460
00056470
00056480
00056490
00056500
00056510
00056520
00056530
00056540
00056550
00056560
00056570
00056580
00056590
00056600
00056610
00056620
00056630
00056640
00056650
00056660
00056670
00056680
00056690
00056700
00056710
00056720
00056730
00056740
00056750
00056760
00056770
00056780
00056790
00056800
00056810
00056820
00056830
00056840
00056850
00056860
00056870
00056880
00056890
00056900
00056910
00056920
00056930
00056940
00056950
00056960
00056970
00056980
00056990
00057000
00057010
00057020
00057030
00057040
00057050
00057060
00057070
00057080
00057090
00057100
00057110
00057120
00057130
00057140
00057150
00057160
00057170
00057180
00057190
00057200
00057210
00057220
00057230
00057240
00057250
00057260
00057270
00057280
00057290
00057300
00057310
00057320
00057330
00057340
00057350
00057360
00057370
00057380
00057390
00057400
00057410
00057420
00057430
00057440
00057450
00057460
00057470
00057480
00057490
00057500
00057510
00057520
00057530
00057540
00057550
00057560
00057570
00057580
00057590
00057600
00057610
00057620
00057630
00057640
00057650
00057660
00057670
00057680
00057690
00057700
00057710
00057720
00057730
00057740
00057750
00057760
00057770
00057780
00057790
00057800
00057810
00057820
00057830
00057840
00057850
00057860
00057870
00057880
00057890
00057900
00057910
00057920
00057930
00057940
00057950
00057960
00057970
00057980
00057990
00058000
00058010
00058020
00058030
00058040
00058050
00058060
00058070
00058080
00058090
00058100
00058110
00058120
00058130
00058140
00058150
00058160
00058170
00058180
00058190
00058200
00058210
00058220
00058230
00058240
00058250
00058260
00058270
00058280
00058290
00058300
00058310
00058320
00058330
00058340
00058350
00058360
00058370
00058380
00058390
00058400
00058410
00058420
00058430
00058440
00058450
00058460
00058470
00058480
00058490
00058500
00058510
00058520
00058530
00058540
00058550
00058560
00058570
00058580
00058590
00058600
00058610
00058620
00058630
00058640
00058650
00058660
00058670
00058680
00058690
00058700
00058710
00058720
00058730
00058740
00058750
00058760
00058770
00058780
00058790
00058800
00058810
00058820
00058830
00058840
00058850
00058860
00058870
00058880
00058890
00058900
00058910
00058920
00058930
00058940
00058950
00058960
00058970
00058980
00058990
00059000
00059010
00059020
00059030
00059040
00059050
00059060
00059070
00059080
00059090
00059100
00059110
00059120
00059130
00059140
00059150
00059160
00059170
00059180
00059190
00059200
00059210
00059220
00059230
00059240
00059250
00059260
00059270
00059280
00059290
00059300
00059310
00059320
00059330
00059340
00059350
00059360
00059370
00059380
00059390
00059400
00059410
00059420
00059430
00059440
00059450
00059460
00059470
00059480
00059490
00059500
00059510
00059520
00059530
00059540
00059550
00059560
00059570
00059580
00059590
00059600
00059610
00059620
00059630
00059640
00059650
00059660
00059670
00059680
00059690
00059700
00059710
00059720
00059730
00059740
00059750
00059760
00059770
00059780
00059790
00059800
00059810
00059820
00059830
00059840
00059850
00059860
00059870
00059880
00059890
00059900
00059910
00059920
00059930
00059940
00059950
00059960
00059970
00059980
00059990
00060000
00060010
00060020
00060030
00060040
00060050
00060060
00060070
00060080
00060090
00060100
00060110
00060120
00060130
00060140
00060150
00060160
00060170
00060180
00060190
00060200
00060210
00060220
00060230
00060240
00060250
00060260
00060270
00060280
00060290
00060300
00060310
00060320
00060330
00060340
00060350
00060360
00060370
00060380
00060390
00060400
00060410
00060420
00060430
00060440
00060450
00060460
00060470
00060480
00060490
00060500
00060510
00060520
00060530
00060540
00060550
00060560
00060570
00060580
00060590
00060600
00060610
00060620
00060630
00060640
00060650
00060660
00060670
00060680
00060690
00060700
00060710
00060720
00060730
00060740
00060750
00060760
00060770
00060780
00060790
00060800
00060810
00060820
00060830
00060840
00060850
00060860
00060870
00060880
00060890
00060900
00060910
00060920
00060930
00060940
00060950
00060960
00060970
00060980
00060990
00061000
00061010
00061020
00061030
00061040
00061050
00061060
00061070
00061080
00061090
00061100
00061110
00061120
00061130
00061140
00061150
00061160
00061170
00061180
00061190
00061200
00061210
00061220
00061230
00061240
00061250
00061260
00061270
00061280
00061290
00061300
00061310
00061320
00061330
00061340
00061350
00061360
00061370
00061380
00061390
00061400
00061410
00061420
00061430
00061440
00061450
00061460
00061470
00061480
00061490
00061500
00061510
00061520
00061530
00061540
00061550
00061560
00061570
00061580
00061590
00061600
00061610
00061620
00061630
00061640
00061650
00061660
00061670
00061680
00061690
00061700
00061710
00061720
00061730
00061740
00061750
00061760
00061770
00061780
00061790
00061800
00061810
00061820
00061830
00061840
00061850
00061860
00061870
00061880
00061890
00061900
00061910
00061920
00061930
00061940
00061950
00061960
00061970
00061980
00061990
00062000
00062010
00062020
00062030
00062040
00062050
00062060
00062070
00062080
00062090
00062100
00062110
00062120
00062130
00062140
00062150
00062160
00062170
00062180
00062190
00062200
00062210
00062220
00062230
00062240
00062250
00062260
00062270
00062280
00062290
00062300
00062310
00062320
00062330
00062340
00062350
00062360
00062370
00062380
00062390
00062400
00062410
00062420
00062430
00062440
00062450
00062460
00062470
00062480
00062490
00062500
00062510
00062520
00062530
00062540
00062550
00062560
00062570
00062580
00062590
00062600
00062610
00062620
00062630
00062640
00062650
00062660
00062670
00062680
00062690
00062700
00062710
00062720
00062730
00062740
00062750
00062760
00062770
00062780
00062790
00062800
00062810
00062820
00062830
00062840
00062850
00062860
00062870
00062880
00062890
00062900
00062910
00062920
00062930
00062940
00062950
00062960
00062970
00062980
00062990
00063000
00063010
00063020
00063030
00063040
00063050
00063060
00063070
00063080
00063090
00063100
00063110
00063120
00063130
00063140
00063150
00063160
00063170
00063180
00063190
00063200
00063210
00063220
00063230
00063240
00063250
00063260
00063270
00063280
00063290
00063300
00063310
00063320
00063330
00063340
00063350
00063360
00063370
00063380
00063390
00063400
00063410
00063420
00063430
00063440
00063450
00063460
00063470
00063480
00063490
00063500
00063510
00063520
00063530
00063540
00063550
00063560
00063570
00063580
00063590
00063600
00063610
00063620
00063630
00063640
00063650
00063660
00063670
00063680
00063690
00063700
00063710
00063720
00063730
00063740
00063750
00063760
00063770
00063780
00063790
00063800
00063810
00063820
00063830
00063840
00063850
00063860
00063870
00063880
00063890
00063900
00063910
00063920
00063930
00063940
00063950
00063960
00063970
00063980
00063990
00064000
00064010
00064020
00064030
00064040
00064050
00064060
00064070
00064080
00064090
00064100
00064110
00064120
00064130
00064140
00064150
00064160
00064170
00064180
00064190
00064200
00064210
00064220
00064230
00064240
00064250
00064260
00064270
00064280
00064290
00064300
00064310
00064320
00064330
00064340
00064350
00064360
00064370
00064380
00064390
00064400
00064410
00064420
00064430
00064440
00064450
00064460
00064470
00064480
00064490
00064500
00064510
00064520
00064530
00064540
00064550
00064560
00064570
00064580
00064590
00064600
00064610
00064620
00064630
00064640
00064650
00064660
00064670
00064680
00064690
00064700
00064710
00064720
00064730
00064740
00064750
00064760
00064770
00064780
00064790
00064800
00064810
00064820
00064830
00064840
00064850
00064860
00064870
00064880
00064890
00064900
00064910
00064920
00064930
00064940
00064950
00064960
00064970
00064980
00064990
00065000
00065010
00065020
00065030
00065040
00065050
00065060
00065070
00065080
00065090
00065100
00065110
00065120
00065130
00065140
00065150
00065160
00065170
00065180
00065190
00065200
00065210
00065220
00065230
00065240
00065250
00065260
00065270
00065280
00065290
00065300
00065310
00065320
00065330
00065340
00065350
00065360
00065370
00065380
00065390
00065400
00065410
00065420
00065430
00065440
00065450
00065460
00065470
00065480
00065490
00065500
00065510
00065520
00065530
00065540
00065550
00065560
00065570
00065580
00065590
00065600
00065610
00065620
00065630
00065640
00065650
00065660
00065670
00065680
00065690
00065700
00065710
00065720
00065730
00065740
00065750
00065760
00065770
00065780
00065790
00065800
00065810
00065820
00065830
00065840
00065850
00065860
00065870
00065880
00065890
00065900
00065910
00065920
00065930
00065940
00065950
00065960
00065970
00065980
00065990
00066000
00066010
00066020
00066030
00066040
00066050
00066060
00066070
00066080
00066090
00066100
00066110
00066120
00066130
00066140
00066150
00066160
00066170
00066180
00066190
00066200
00066210
00066220
00066230
00066240
00066250
00066260
00066270
00066280
00066290
00066300
00066310
00066320
00066330
00066340
00066350
00066360
00066370
00066380
00066390
00066400
00066410
00066420
00066430
00066440
00066450
00066460
00066470
00066480
00066490
00066500
00066510
00066520
00066530
00066540
00066550
00066560
00066570
00066580
00066590
00066600
00066610
00066620
00066630
00066640
00066650
00066660
00066670
00066680
00066690
00066700
00066710
00066720
00066730
00066740
00066750
00066760
00066770
00066780
00066790
00066800
00066810
00066820
00066830
00066840
00066850
00066860
00066870
00066880
00066890
00066900
00066910
00066920
00066930
00066940
00066950
00066960
00066970
00066980
00066990
00067000
00067010
00067020
00067030
00067040
00067050
00067060
00067070
00067080
00067090
00067100
00067110
00067120
00067130
00067140
00067150
00067160
00067170
00067180
00067190
00067200
00067210
00067220
00067230
00067240
00067250
00067260
00067270
00067280
00067290
00067300
00067310
00067320
00067330
00067340
00067350
00067360
00067370
00067380
00067390
00067400
00067410
00067420
00067430
00067440
00067450
00067460
00067470
00067480
00067490
00067500
00067510
00067520
00067530
00067540
00067550
00067560
00067570
00067580
00067590
00067600
00067610
00067620
00067630
00067640
00067650
00067660
00067670
00067680
00067690
00067700
00067710
00067720
00067730
00067740
00067750
00067760
00067770
00067780
00067790
00067800
00067810
00067820
00067830
00067840
00067850
00067860
00067870
00067880
00067890
00067900
00067910
00067920
00067930
00067940
00067950
00067960
00067970
00067980
00067990
00068000
00068010
00068020
00068030
00068040
00068050
00068060
00068070
00068080
00068090
00068100
00068110
00068120
00068130
00068140
00068150
00068160
00068170
00068180
00068190
00068200
00068210
00068220
00068230
00068240
00068250
00068260
00068270
00068280
00068290
00068300
00068310
00068320
00068330
00068340
00068350
00068360
00068370
00068380
00068390
00068400
00068410
00068420
00068430
00068440
00068450
00068460
00068470
00068480
00068490
00068500
00068510
00068520
00068530
00068540
00068550
00068560
00068570
00068580
00068590
00068600
00068610
00068620
00068630
00068640
00068650
00068660
00068670
00068680
00068690
00068700
00068710
00068720
00068730
00068740
00068750
00068760
00068770
00068780
00068790
00068800
00068810
00068820
00068830
00068840
00068850
00068860
00068870
00068880
00068890
00068900
00068910
00068920
00068930
00068940
00068950
00068960
00068970
00068980
00068990
00069000
00069010
00069020
00069030
00069040
00069050
00069060
00069070
00069080
00069090
00069100
00069110
00069120
00069130
00069140
00069150
00069160
00069170
00069180
00069190
00069200
00069210
00069220
00069230
00069240
00069250
00069260
00069270
00069280
00069290
00069300
00069310
00069320
00069330
00069340
00069350
00069360
00069370
00069380
00069390
00069400
00069410
00069420
00069430
00069440
00069450
00069460
00069470
00069480
00069490
00069500
00069510
00069520
00069530
00069540
00069550
00069560
00069570
00069580
00069590
00069600
00069610
00069620
00069630
00069640
00069650
00069660
00069670
00069680
00069690
00069700
00069710
00069720
00069730
00069740
00069750
00069760
00069770
00069780
00069790
00069800
00069810
00069820
00069830
00069840
00069850
00069860
00069870
00069880
00069890
00069900
00069910
00069920
00069930
00069940
00069950
00069960
00069970
00069980
00069990
00070000
00070010
00070020
00070030
00070040
00070050
00070060
00070070
00070080
00070090
00070100
00070110
00070120
00070130
00070140
00070150
00070160
00070170
00070180
00070190
00070200
00070210
00070220
00070230
00070240
00070250
00070260
00070270
00070280
00070290
00070300
00070310
00070320
00070330
00070340
00070350
00070360
00070370
00070380
00070390
00070400
00070410
00070420
00070430
00070440
00070450
00070460
00070470
00070480
00070490
00070500
00070510
00070520
00070530
00070540
00070550
00070560
00070570
00070580
00070590
00070600
00070610
00070620
00070630
00070640
00070650
00070660
00070670
00070680
00070690
00070700
00070710
00070720
00070730
00070740
00070750
00070760
00070770
00070780
00070790
00070800
00070810
00070820
00070830
00070840
00070850
00070860
00070870
00070880
00070890
00070900
00070910
00070920
00070930
00070940
00070950
00070960
00070970
00070980
00070990
00071000
00071010
00071020
00071030
00071040
00071050
00071060
00071070
00071080
00071090
00071100
00071110
00071120
00071130
00071140
00071150
00071160
00071170
00071180
00071190
00071200
00071210
00071220
00071230
00071240
00071250
00071260
00071270
00071280
00071290
00071300
00071310
00071320
00071330
00071340
00071350
00071360
00071370
00071380
00071390
00071400
00071410
00071420
00071430
00071440
00071450
00071460
00071470
00071480
00071490
00071500
00071510
00071520
00071530
00071540
00071550
00071560
00071570
00071580
00071590
00071600
00071610
00071620
00071630
00071640
00071650
00071660
00071670
00071680
00071690
00071700
00071710
00071720
00071730
00071740
00071750
00071760
00071770
00071780
00071790
00071800
00071810
00071820
00071830
00071840
00071850
00071860
00071870
00071880
00071890
00071900
00071910
00071920
00071930
00071940
00071950
00071960
00071970
00071980
00071990
00072000
00072010
00072020
00072030
00072040
00072050
00072060
00072070
00072080
00072090
00072100
00072110
00072120
00072130
00072140
00072150
00072160
00072170
00072180
00072190
00072200
00072210
00072220
00072230
00072240
00072250
00072260
00072270
00072280
00072290
00072300
00072310
00072320
00072330
00072340
00072350
00072360
00072370
00072380
00072390
00072400
00072410
00072420
00072430
00072440
00072450
00072460
00072470
00072480
00072490
00072500
00072510
00072520
00072530
00072540
00072550
00072560
00072570
00072580
00072590
00072600
00072610
00072620
00072630
00072640
00072650
00072660
00072670
00072680
00072690
00072700
00072710
00072720
00072730
00072740
00072750
00072760
00072770
00072780
00072790
00072800
00072810
00072820
00072830
00072840
00072850
00072860
00072870
00072880
00072890
00072900
00072910
00072920
00072930
00072940
00072950
00072960
00072970
00072980
00072990
00073000
00073010
00073020
00073030
00073040
00073050
00073060
00073070
00073080
00073090
00073100
00073110
00073120
00073130
00073140
00073150
00073160
00073170
00073180
00073190
00073200
00073210
00073220
00073230
00073240
00073250
00073260
00073270
00073280
00073290
00073300
00073310
00073320
00073330
00073340
00073350
00073360
00073370
00073380
00073390
00073400
00073410
00073420
00073430
00073440
00073450
00073460
00073470
00073480
00073490
00073500
00073510
00073520
00073530
00073540
00073550
00073560
00073570
00073580
00073590
00073600
00073610
00073620
00073630
00073640
00073650
00073660
00073670
00073680
00073690
00073700
00073710
00073720
00073730
00073740
00073750
00073760
00073770
00073780
00073790
00073800
00073810
00073820
00073830
00073840
00073850
00073860
00073870
00073880
00073890
00073900
00073910
00073920
00073930
00073940
00073950
00073960
00073970
00073980
00073990
00074000
00074010
00074020
00074030
00074040
00074050
00074060
00074070
00074080
00074090
00074100
00074110
00074120
00074130
00074140
00074150
00074160
00074170
00074180
00074190
00074200
00074210
00074220
00074230
00074240
00074250
00074260
00074270
00074280
00074290
00074300
00074310
00074320
00074330
00074340
00074350
00074360
00074370
00074380
00074390
00074400
00074410
00074420
00074430
00074440
00074450
00074460
00074470
00074480
00074490
00074500
00074510
00074520
00074530
00074540
00074550
00074560
00074570
00074580
00074590
00074600
00074610
00074620
00074630
00074640
00074650
00074660
00074670
00074680
00074690
00074700
00074710
00074720
00074730
00074740
00074750
00074760
00074770
00074780
00074790
00074800
00074810
00074820
00074830
00074840
00074850
00074860
00074870
00074880
00074890
00074900
00074910
00074920
00074930
00074940
00074950
00074960
00074970
00074980
00074990
00075000
00075010
00075020
00075030
00075040
00075050
00075060
00075070
00075080
00075090
00075100
00075110
00075120
00075130
00075140
00075150
00075160
00075170
00075180
00075190
00075200
00075210
00075220
00075230
00075240
00075250
00075260
00075270
00075280
00075290
00075300
00075310
00075320
00075330
00075340
00075350
00075360
00075370
00075380
00075390
00075400
00075410
00075420
00075430
00075440
00075450
00075460
00075470
00075480
00075490
00075500
00075510
00075520
00075530
00075540
00075550
00075560
00075570
00075580
00075590
00075600
00075610
00075620
00075630
00075640
00075650
00075660
00075670
00075680
00075690
00075700
00075710
00075720
00075730
00075740
00075750
00075760
00075770
00075780
00075790
00075800
00075810
00075820
00075830
00075840
00075850
00075860
00075870
00075880
00075890
00075900
00075910
00075920
00075930
00075940
00075950
00075960
00075970
00075980
00075990
00076000
00076010
00076020
00076030
00076040
00076050
00076060
00076070
00076080
00076090
00076100
00076110
00076120
00076130
00076140
00076150
00076160
00076170
00076180
00076190
00076200
00076210
00076220
00076230
00076240
00076250
00076260
00076270
00076280
00076290
00076300
00076310
00076320
00076330
00076340
00076350
00076360
00076370
00076380
00076390
00076400
00076410
00076420
00076430
00076440
00076450
00076460
00076470
00076480
00076490
00076500
00076510
00076520
00076530
00076540
00076550
00076560
00076570
00076580
00076590
00076600
00076610
00076620
00076630
00076640
00076650
00076660
00076670
00076680
00076690
00076700
00076710
00076720
00076730
00076740
00076750
00076760
00076770
00076780
00076790
00076800
00076810
00076820
00076830
00076840
00076850
00076860
00076870
00076880
00076890
00076900
00076910
00076920
00076930
00076940
00076950
00076960
00076970
00076980
00076990
00077000
00077010
00077020
00077030
00077040
00077050
00077060
00077070
00077080
00077090
00077100
00077110
00077120
00077130
00077140
00077150
00077160
00077170
00077180
00077190
00077200
00077210
00077220
00077230
00077240
00077250
00077260
00077270
00077280
00077290
00077300
00077310
00077320
00077330
00077340
00077350
00077360
00077370
00077380
00077390
00077400
00077410
00077420
00077430
00077440
00077450
00077460
00077470
00077480
00077490
00077500
00077510
00077520
00077530
00077540
00077550
00077560
00077570
00077580
00077590
00077600
00077610
00077620
00077630
00077640
00077650
00077660
00077670
00077680
00077690
00077700
00077710
00077720
00077730
00077740
00077750
00077760
00077770
00077780
00077790
00077800
00077810
00077820
00077830
00077840
00077850
00077860
00077870
00077880
00077890
00077900
00077910
00077920
00077930
00077940
00077950
00077960
00077970
00077980
00077990
00078000
00078010
00078020
00078030
00078040
00078050
00078060
00078070
00078080
00078090
00078100
00078110
00078120
00078130
00078140
00078150
00078160
00078170
00078180
00078190
00078200
00078210
00078220
00078230
00078240
00078250
00078260
00078270
00078280
00078290
00078300
00078310
00078320
00078330
00078340
00078350
00078360
00078370
00078380
00078390
00078400
00078410
00078420
00078430
00078440
00078450
00078460
00078470
00078480
00078490
00078500
00078510
00078520
00078530
00078540
00078550
00078560
00078570
00078580
00078590
00078600
00078610
00078620
00078630
00078640
00078650
00078660
00078670
00078680
00078690
00078700
00078710
00078720
00078730
00078740
00078750
00078760
00078770
00078780
00078790
00078800
00078810
00078820
00078830
00078840
00078850
00078860
00078870
00078880
00078890
00078900
00078910
00078920
00078930
00078940
00078950
00078960
00078970
00078980
00078990
00079000
00079010
00079020
00079030
00079040
00079050
00079060
00079070
00079080
00079090
00079100
00079110
00079120
00079130
00079140
00079150
00079160
00079170
00079180
00079190
00079200
00079210
00079220
00079230
00079240
00079250
00079260
00079270
00079280
00079290
00079300
00079310
00079320
00079330
00079340
00079350
00079360
00079370
00079380
00079390
00079400
00079410
00079420
00079430
00079440
00079450
00079460
00079470
00079480
00079490
00079500
00079510
00079520
00079530
00079540
00079550
00079560
00079570
00079580
00079590
00079600
00079610
00079620
00079630
00079640
00079650
00079660
00079670
00079680
00079690
00079700
00079710
00079720
00079730
00079740
00079750
00079760
00079770
00079780
00079790
00079800
00079810
00079820
00079830
00079840
00079850
00079860
00079870
00079880
00079890
00079900
00079910
00079920
00079930
00079940
00079950
00079960
00079970
00079980
00079990
00080000
00080010
00080020
00080030
00080040
00080050
00080060
00080070
00080080
00080090
00080100
00080110
00080120
00080130
00080140
00080150
00080160
00080170
00080180
00080190
00080200
00080210
00080220
00080230
00080240
00080250
00080260
00080270
00080280
00080290
00080300
00080310
00080320
00080330
00080340
00080350
00080360
00080370
00080380
00080390
00080400
00080410
00080420
00080430
00080440
00080450
00080460
00080470
00080480
00080490
00080500
00080510
00080520
00080530
00080540
00080550
00080560
00080570
00080580
00080590
00080600
00080610
00080620
00080630
00080640
00080650
00080660
00080670
00080680
00080690
00080700
00080710
00080720
00080730
00080740
00080750
00080760
00080770
00080780
00080790
00080800
00080810
00080820
00080830
00080840
00080850
00080860
00080870
00080880
00080890
00080900
00080910
00080920
00080930
00080940
00080950
00080960
00080970
00080980
00080990
00081000
00081010
00081020
00081030
00081040
00081050
00081060
00081070
00081080
00081090
00081100
00081110
00081120
00081130
00081140
00081150
00081160
00081170
00081180
00081190
00081200
00081210
00081220
00081230
00081240
00081250
00081260
00081270
00081280
00081290
00081300
00081310
00081320
00081330
00081340
00081350
00081360
00081370
00081380
00081390
00081400
00081410
00081420
00081430
00081440
00081450
00081460
00081470
00081480
00081490
00081500
00081510
00081520
00081530
00081540
00081550
00081560
00081570
00081580
00081590
00081600
00081610
00081620
00081630
00081640
00081650
00081660
00081670
00081680
00081690
00081700
00081710
00081720
00081730
00081740
00081750
00081760
00081770
00081780
00081790
00081800
00081810
00081820
00081830
00081840
00081850
00081860
00081870
00081880
00081890
00081900
00081910
00081920
00081930
00081940
00081950
00081960
00081970
00081980
00081990
00082000
00082010
00082020
00082030
00082040
00082050
00082060
00082070
00082080
00082090
00082100
00082110
00082120
00082130
00082140
00082150
00082160
00082170
00082180
00082190
00082200
00082210
00082220
00082230
00082240
00082250
00082260
00082270
00082280
00082290
00082300
00082310
00082320
00082330
00082340
00082350
00082360
00082370
00082380
00082390
00082400
00082410
00082420
00082430
00082440
00082450
00082460
00082470
00082480
00082490
00082500
00082510
00082520
00082530
00082540
00082550
00082560
00082570
00082580
00082590
00082600
00082610
00082620
00082630
00082640
00082650
00082660
00082670
00082680
00082690
00082700
00082710
00082720
00082730
00082740
00082750
00082760
00082770
00082780
00082790
00082800
00082810
00082820
00082830
00082840
00082850
00082860
00082870
00082880
00082890
00082900
00082910
00082920
00082930
00082940
00082950
00082960
00082970
00082980
00082990
00083000
00083010
00083020
00083030
00083040
00083050
00083060
00083070
00083080
00083090
00083100
00083110
00083120
00083130
00083140
00083150
00083160
00083170
00083180
00083190
00083200
00083210
00083220
00083230
00083240
00083250
00083260
00083270
00083280
00083290
00083300
00083310
00083320
00083330
00083340
00083350
00083360
00083370
00083380
00083390
00083400
00083410
00083420
00083430
00083440
00083450
00083460
00083470
00083480
00083490
00083500
00083510
00083520
00083530
00083540
00083550
00083560
00083570
00083580
00083590
00083600
00083610
00083620
00083630
00083640
00083650
00083660
00083670
00083680
00083690
00083700
00083710
00083720
00083730
00083740
00083750
00083760
00083770
00083780
00083790
00083800
00083810
00083820
00083830
00083840
00083850
00083860
00083870
00083880
00083890
00083900
00083910
00083920
00083930
00083940
00083950
00083960
00083970
00083980
00083990
00084000
00084010
00084020
00084030
00084040
00084050
00084060
00084070
00084080
00084090
00084100
00084110
00084120
00084130
00084140
00084150
00084160
00084170
00084180
00084190
00084200
00084210
00084220
00084230
00084240
00084250
00084260
00084270
00084280
00084290
00084300
00084310
00084320
00084330
00084340
00084350
00084360
00084370
00084380
00084390
00084400
00084410
00084420
00084430
00084440
00084450
00084460
00084470
00084480
00084490
00084500
00084510
00084520
00084530
00084540
00084550
00084560
00084570
00084580
00084590
00084600
00084610
00084620
00084630
00084640
00084650
00084660
00084670
00084680
00084690
00084700
00084710
00084720
00084730
00084740
00084750
00084760
00084770
00084780
00084790
00084800
00084810
00084820
00084830
00084840
00084850
00084860
00084870
00084880
00084890
00084900
00084910
00084920
00084930
00084940
00084950
00084960
00084970
00084980
00084990
00085000
00085010
00085020
00085030
00085040
00085050
00085060
00085070
00085080
00085090
00085100
00085110
00085120
00085130
00085140
00085150
00085160
00085170
00085180
00085190
00085200
00085210
00085220
00085230
00085240
00085250
00085260
00085270
00085280
00085290
00085300
00085310
00085320
00085330
00085340
00085350
00085360
00085370
00085380
00085390
00085400
00085410
00085420
00085430
00085440
00085450
00085460
00085470
00085480
00085490
00085500
00085510
00085520
00085530
00085540
00085550
00085560
00085570
00085580
00085590
00085600
00085610
00085620
00085630
00085640
00085650
00085660
00085670
00085680
00085690
00085700
00085710
00085720
00085730
00085740
00085750
00085760
00085770
00085780
00085790
00085800
00085810
00085820
00085830
00085840
00085850
00085860
00085870
00085880
00085890
00085900
00085910
00085920
00085930
00085940
00085950
00085960
00085970
00085980
00085990
00086000
00086010
00086020
00086030
00086040
00086050
00086060
00086070
00086080
00086090
00086100
00086110
00086120
00086130
00086140
00086150
00086160
00086170
00086180
00086190
00086200
00086210
00086220
00086230
00086240
00086250
00086260
00086270
00086280
00086290
00086300
00086310
00086320
00086330
00086340
00086350
00086360
00086370
00086380
00086390
00086400
00086410
00086420
00086430
00086440
00086450
00086460
00086470
00086480
00086490
00086500
00086510
00086520
00086530
00086540
00086550
00086560
00086570
00086580
00086590
00086600
00086610
00086620
00086630
00086640
00086650
00086660
00086670
00086680
00086690
00086700
00086710
00086720
00086730
00086740
00086750
00086760
00086770
00086780
00086790
00086800
00086810
00086820
00086830
00086840
00086850
00086860
00086870
00086880
00086890
00086900
00086910
00086920
00086930
00086940
00086950
00086960
00086970
00086980
00086990
00087000
00087010
00087020
00087030
00087040
00087050
00087060
00087070
00087080
00087090
00087100
00087110
00087120
00087130
00087140
00087150
00087160
00087170
00087180
00087190
00087200
00087210
00087220
00087230
00087240
00087250
00087260
00087270
00087280
00087290
00087300
00087310
00087320
00087330
00087340
00087350
00087360
00087370
00087380
00087390
00087400
00087410
00087420
00087430
00087440
00087450
00087460
00087470
00087480
00087490
00087500
00087510
00087520
00087530
00087540
00087550
00087560
00087570
00087580
00087590
00087600
00087610
00087620
00087630
00087640
00087650
00087660
00087670
00087680
00087690
00087700
00087710
00087720
00087730
00087740
00087750
00087760
00087770
00087780
00087790
00087800
00087810
00087820
00087830
00087840
00087850
00087860
00087870
00087880
00087890
00087900
00087910
00087920
00087930
00087940
00087950
00087960
00087970
00087980
00087990
00088000
00088010
00088020
00088030
00088040
00088050
00088060
00088070
00088080
00088090
00088100
00088110
00088120
00088130
00088140
00088150
00088160
00088170
00088180
00088190
00088200
00088210
00088220
00088230
00088240
00088250
00088260
00088270
00088280
00088290
00088300
00088310
00088320
00088330
00088340
00088350
00088360
00088370
00088380
00088390
00088400
00088410
00088420
00088430
00088440
00088450
00088460
00088470
00088480
00088490
00088500
00088510
00088520
00088530
00088540
00088550
00088560
00088570
00088580
00088590
00088600
00088610
00088620
00088630
00088640
00088650
00088660
00088670
00088680
00088690
00088700
00088710
00088720
00088730
00088740
00088750
00088760
00088770
00088780
00088790
00088800
00088810
00088820
00088830
00088840
00088850
00088860
00088870
00088880
00088890
00088900
00088910
00088920
00088930
00088940
00088950
00088960
00088970
00088980
00088990
00089000
00089010
00089020
00089030
00089040
00089050
00089060
00089070
00089080
00089090
00089100
00089110
00089120
00089130
00089140
00089150
00089160
00089170
00089180
00089190
00089200
00089210
00089220
00089230
00089240
00089250
00089260
00089270
00089280
00089290
00089300
00089310
00089320
00089330
00089340
00089350
00089360
00089370
00089380
00089390
00089400
00089410
00089420
00089430
00089440
00089450
00089460
00089470
00089480
00089490
00089500
00089510
00089520
00089530
00089540
00089550
00089560
00089570
00089580
00089590
00089600
00089610
00089620
00089630
00089640
00089650
00089660
00089670
00089680
00089690
00089700
00089710
00089720
00089730
00089740
00089750
00089760
00089770
00089780
00089790
00089800
00089810
00089820
00089830
00089840
00089850
00089860
00089870
00089880
00089890
00089900
00089910
00089920
00089930
00089940
00089950
00089960
00089970
00089980
00089990
00090000
00090010
00090020
00090030
00090040
00090050
00090060
00090070
00090080
00090090
00090100
00090110
00090120
00090130
00090140
00090150
00090160
00090170
00090180
00090190
00090200
00090210
00090220
00090230
00090240
00090250
00090260
00090270
00090280
00090290
00090300
00090310
00090320
00090330
00090340
00090350
00090360
00090370
00090380
00090390
00090400
00090410
00090420
00090430
00090440
00090450
00090460
00090470
00090480
00090490
00090500
00090510
00090520
00090530
00090540
00090550
00090560
00090570
00090580
00090590
00090600
00090610
00090620
00090630
00090640
00090650
00090660
00090670
00090680
00090690
00090700
00090710
00090720
00090730
00090740
00090750
00090760
00090770
00090780
00090790
00090800
00090810
00090820
00090830
00090840
00090850
00090860
00090870
00090880
00090890
00090900
00090910
00090920
00090930
00090940
00090950
00090960
00090970
00090980
00090990
00091000
00091010
00091020
00091030
00091040
00091050
00091060
00091070
00091080
00091090
00091100
00091110
00091120
00091130
00091140
00091150
00091160
00091170
00091180
00091190
00091200
00091210
00091220
00091230
00091240
00091250
00091260
00091270
00091280
00091290
00091300
00091310
00091320
00091330
00091340
00091350
00091360
00091370
00091380
00091390
00091400
00091410
00091420
00091430
00091440
00091450
00091460
00091470
00091480
00091490
00091500
00091510
00091520
00091530
00091540
00091550
00091560
00091570
00091580
00091590
00091600
00091610
00091620
00091630
00091640
00091650
00091660
00091670
00091680
00091690
00091700
00091710
00091720
00091730
00091740
00091750
00091760
00091770
00091780
00091790
00091800
00091810
00091820
00091830
00091840
00091850
00091860
00091870
00091880
00091890
00091900
00091910
00091920
00091930
00091940
00091950
00091960
00091970
00091980
00091990
00092000
00092010
00092020
00092030
00092040
00092050
00092060
00092070
00092080
00092090
00092100
00092110
00092120
00092130
00092140
00092150
00092160
00092170
00092180
00092190
00092200
00092210
00092220
00092230
00092240
00092250
00092260
00092270
00092280
00092290
00092300
00092310
00092320
00092330
00092340
00092350
00092360
00092370
00092380
00092390
00092400
00092410
00092420
00092430
00092440
00092450
00092460
00092470
00092480
00092490
00092500
00092510
00092520
00092530
00092540
00092550
00092560
00092570
00092580
00092590
00092600
00092610
00092620
00092630
00092640
00092650
00092660
00092670
00092680
00092690
00092700
00092710
00092720
00092730
00092740
00092750
00092760
00092770
00092780
00092790
00092800
00092810
00092820
00092830
00092840
00092850
00092860
00092870
00092880
00092890
00092900
00092910
00092920
00092930
00092940
00092950
00092960
00092970
00092980
00092990
00093000
00093010
00093020
00093030
00093040
00093050
00093060
00093070
00093080
00093090
00093100
00093110
00093120
00093130
00093140
00093150
00093160
00093170
00093180
00093190
00093200
00093210
00093220
00093230
00093240
00093250
00093260
00093270
00093280
00093290
00093300
00093310
00093320
00093330
00093340
00093350
00093360
00093370
00093380
00093390
00093400
00093410
00093420
00093430
00093440
00093450
00093460
00093470
00093480
00093490
00093500
00093510
00093520
00093530
00093540
00093550
00093560
00093570
00093580
00093590
00093600
00093610
00093620
00093630
00093640
00093650
00093660
00093670
00093680
00093690
00093700
00093710
00093720
00093730
00093740
00093750
00093760
00093770
00093780
00093790
00093800
00093810
00093820
00093830
00093840
00093850
00093860
00093870
00093880
00093890
00093900
00093910
00093920
00093930
00093940
00093950
00093960
00093970
00093980
00093990
00094000
00094010
00094020
00094030
00094040
00094050
00094060
00094070
00094080
00094090
00094100
00094110
00094120
00094130
00094140
00094150
00094160
00094170
00094180
00094190
00094200
00094210
00094220
00094230
00094240
00094250
00094260
00094270
00094280
00094290
00094300
00094310
00094320
00094330
00094340
00094350
00094360
00094370
00094380
00094390
00094400
00094410
00094420
00094430
00094440
00094450
00094460
00094470
00094480
00094490
00094500
00094510
00094520
00094530
00094540
00094550
00094560
00094570
00094580
00094590
00094600
00094610
00094620
00094630
00094640
00094650
00094660
00094670
00094680
00094690
00094700
00094710
00094720
00094730
00094740
00094750
00094760
00094770
00094780
00094790
00094800
00094810
00094820
00094830
00094840
00094850
00094860
00094870
00094880
00094890
00094900
00094910
00094920
00094930
00094940
00094950
00094960
00094970
00094980
00094990
00095000
00095010
00095020
00095030
00095040
00095050
00095060
00095070
00095080
00095090
00095100
00095110
00095120
00095130
00095140
00095150
00095160
00095170
00095180
00095190
00095200
00095210
00095220
00095230
00095240
00095250
00095260
00095270
00095280
00095290
00095300
00095310
00095320
00095330
00095340
00095350
00095360
00095370
00095380
00095390
00095400
00095410
00095420
00095430
00095440
00095450
00095460
00095470
00095480
00095490
00095500
00095510
00095520
00095530
00095540
00095550
00095560
00095570
00095580
00095590
00095600
00095610
00095620
00095630
00095640
00095650
00095660
00095670
00095680
00095690
00095700
00095710
00095720
00095730
00095740
00095750
00095760
00095770
00095780
00095790
00095800
00095810
00095820
00095830
00095840
00095850
00095860
00095870
00095880
00095890
00095900
00095910
00095920
00095930
00095940
00095950
00095960
00095970
00095980
00095990
00096000
00096010
00096020
00096030
00096040
00096050
00096060
00096070
00096080
00096090
00096100
00096110
00096120
00096130
00096140
00096150
00096160
00096170
00096180
00096190
00096200
00096210
00096220
00096230
00096240
00096250
00096260
00096270
00096280
00096290
00096300
00096310
00096320
00096330
00096340
00096350
00096360
00096370
00096380
00096390
00096400
00096410
00096420
00096430
00096440
00096450
00096460
00096470
00096480
00096490
00096500
00096510
00096520
00096530
00096540
00096550
00096560
00096570
00096580
00096590
00096600
00096610
00096620
00096630
00096640
00096650
00096660
00096670
00096680
00096690
00096700
00096710
00096720
00096730
00096740
00096750
00096760
00096770
00096780
00096790
00096800
00096810
00096820
00096830
00096840
00096850
00096860
00096870
00096880
00096890
00096900
00096910
00096920
00096930
00096940
00096950
00096960
00096970
00096980
00096990
00097000
00097010
00097020
00097030
00097040
00097050
00097060
00097070
00097080
00097090
00097100
00097110
00097120
00097130
00097140
00097150
00097160
00097170
00097180
00097190
00097200
00097210
00097220
00097230
00097240
00097250
00097260
00097270
00097280
00097290
00097300
00097310
00097320
00097330
00097340
00097350
00097360
00097370
00097380
00097390
00097400
00097410
00097420
00097430
00097440
00097450
00097460
00097470
00097480
00097490
00097500
00097510
00097520
00097530
00097540
00097550
00097560
00097570
00097580
00097590
00097600
00097610
00097620
00097630
00097640
00097650
00097660
00097670
00097680
00097690
00097700
00097710
00097720
00097730
00097740
00097750
00097760
00097770
00097780
00097790
00097800
00097810
00097820
00097830
00097840
00097850
00097860
00097870
00097880
00097890
00097900
00097910
00097920
00097930
00097940
00097950
00097960
00097970
00097980
00097990
00098000
00098010
00098020
00098030
00098040
00098050
00098060
00098070
00098080
00098090
00098100
00098110
00098120
00098130
00098140
00098150
00098160
00098170
00098180
00098190
00098200
00098210
00098220
00098230
00098240
00098250
00098260
00098270
00098280
00098290
00098300
00098310
00098320
00098330
00098340
00098350
00098360
00098370
00098380
00098390
00098400
00098410
00098420
00098430
00098440
00098450
00098460
00098470
00098480
00098490
00098500
00098510
00098520
00098530
00098540
00098550
00098560
00098570
00098580
00098590
00098600
00098610
00098620
00098630
00098640
00098650
00098660
00098670
00098680
00098690
00098700
00098710
00098720
00098730
00098740
00098750
00098760
00098770
00098780
00098790
00098800
00098810
00098820
00098830
00098840
00098850
00098860
00098870
00098880
00098890
00098900
00098910
00098920
00098930
00098940
00098950
00098960
00098970
00098980
00098990
00099000
00099010
00099020
00099030
00099040
00099050
00099060
00099070
00099080
00099090
00099100
00099110
00099120
00099130
00099140
00099150
00099160
00099170
00099180
00099190
00099200
00099210
00099220
00099230
00099240
00099250
00099260
00099270
00099280
00099290
00099300
00099310
00099320
00099330
00099340
00099350
00099360
00099370
00099380
00099390
00099400
00099410
00099420
00099430
00099440
00099450
00099460
00099470
00099480
00099490
00099500
00099510
00099520
00099530
00099540
00099550
00099560
00099570
00099580
00099590
00099600
00099610
00099620
00099630
00099640
00099650
00099660
00099670
00099680
00099690
00099700
00099710
00099720
00099730
00099740
00099750
00099760
00099770
00099780
00099790
00099800
00099810
00099820
00099830
00099840
00099850
00099860
00099870
00099880
00099890
00099900
00099910
00099920
00099930
00099940
00099950
00099960
00099970
00099980
00099990
00100000
